Ameliance Leveilleur	18	17	55	71	76	60	59	77	66	18	57	63	63	66	59
Fourchenalt Leveilleur	30	18	22	38	30	59	63	66	18	21	75	77	7	35	68
Venat	83	69	57	47	78	64	67	69	69	21	67	60	70	27	75
Dulia Chai	44	4	47	57	67	50	18	13	58	70	35	13	72	60	12
Chai-Nuzz	35	34	18	52	44	35	71	9	52	25	9	71	9	70	66
Erenville	47	59	42	64	26	60	34	69	35	50	20	52	17	64	64
Emet Selch	86	69	34	34	45	39	66	29	21	72	69	67	29	26	87
Kan-E-Senna	42	18	37	52	69	58	62	57	49	46	82	58	35	44	43
Raubahn	71	55	49	18	53	10	60	23	46	57	7	64	36	8	24
Runar	49	49	57	13	63	15	19	42	57	50	44	42	50	15	7
Hythlodeus	55	42	55	67	54	80	45	52	66	63	32	44	76	50	48
Merlwyb	57	24	29	18	30	30	58	40	43	29	9	60	45	34	35